5264

0.604
0.034
0.056
0.682
0.003
0.046
0.669
0.414
0.895
0.558
0.174
0.001
0.008
0.713
0.071
0.826
0.36
0.007
0.55
0.715
0.932
0.007
0.808
0.077
0.015
0.61
0.686
0.634
0.705
0.366
0.597
0.666
0.601
0.168
0.937
0.473
0.452
0.167
0.662
0.013
0.14
0.28
0.471
0.019
0.516
0.435
0.041
0.507
0.033
0.657
0.15
0.022
0.017
0.259
0.311
0.141
0.179
0.521
0.162
0.697
0.185
0.014
0.258
0.307
0.184
0.767
0.391
0.002
0.005
0.353
0.003
0.537
0.192
0.224
0.001
0.158
0.289
0.536
0.731
0.511
0.379
0.071
0.421
0.321
0.234
0.17
0.008
0.618
0.715
0.71
0.245
0.012
0.939
0.176
0.843
0.927
0.405
0.778
0.795
0.307
0.196
0.002
0.362
0.256
0.275
0.59
0.008
0.008
0.002
0.061
0.017
0.074
0.001
0.472
0.671
0.713
0.018
0.152
0.207
0.27
0.815
0.772
0.065
0.04
0.59
0.294
0.83
0.056
0.596
0.848
0.246
0.182
0.052
0.94
0.188
0.054
0.307
0.108
0.139
0.524
0.12
0.079
0.288
0.496
0.032
0.161
0.616
0.739
0.855
0.018
0.612
0.973
0.005
0.017
0.738
0.34
0.486
0.965
0.498
0.171
0.019
0.473
0.212
0.348
0.155
0.311
0.257
0.078
0.181
0.01
0.029
0.944
0.919
0.229
0.693
0.001
0.386
0.934
0.951
0.539
0.129
0.415
0.051
0.938
0.018
0.246
0.055
0.444
0.718
0.959
0.387
0.241
0.071
0.047
0.005
0.192
0.001
0.723
0.279
0.614
0.049
0.284
0.482
0.631
0.142
0.13
0.179
0.08
0.402
0.036
0.466
0.155
0.494
0.481
0.08
0.389
0.679
0.629
0.87
0.805
0.042
0.678
0.075
0.348
0.008
0.032
0.001
0.625
0.041
0.032
0.7
0.379
0.823
0.385
0.829
0.629
0.187
0.151
0.206
0.722
0.016
0.166
0.388
0.855
0.086
0.648
0.019
0.796
0.067
0.49
0.063
0.022
0.517
0.077
0.152
0.901
0.848
0.025
0.343
0.033
0.423
0.353
0.047
0.002
0.021
0.137
0.236
0.957
0.304
0.005
0.874
0.64
0.221
0.091
0.002
0.076
0.008
0.002
0.003
0.979
0.306
0.563
0.834
0.379
0.298
0.013
0.004
0.191
0.731
0.595
0.001
0.099
0.032
0.049
0.486
0.671
0.584
0.026
0.431
0.013
0.064
0.694
0.072
0.698
0.853
0.473
0.906
0.042
0.539
0.736
0.908
0.198
0.15
0.014
0.331
0.003
0.16
0.718
0.438
0.131
0.002
0.161
0.419
0.124
0.692
0.826
0.235
0.954
0.422
0.929
0.052
0.176
0.772
0.015
0.309
0.138
0.054
0.258
0.014
0.219
0.273
0.621
0.178
0.406
0.001
0.178
0.58
0.483
0.882
0.33
0.314
0.002
0.512
0.024
0.531
0.731
0.34
0.644
0.238
0.145
0.854
0.282
0.104
0.013
0.302
0.544
0.008
0.627
0.896
0.722
0.32
0.126
0.468
0.381
0.163
0.036
0.329
0.826
0.042
0.483
0.592
0.991
0.941
0.623
0.675
0.014
0.647
0.875
0.065
0.099
0.241
0.514
0.108
0.867
0.653
0.16
0.537
0.343
0.667
0.356
0.955
0.218
0.003
0.868
0.254
0.003
0.032
0.42
0.801
0.662
0.305
0.026
0.03
0.126
0.235
0.02
0.17
0.25
0.093
0.009
0.007
0.063
0.856
0.019
0.522
0.074
0.546
0.427
0.956
0.612
0.153
0.14
0.022
0.67
0.641
0.479
0.237
0.053
0.26
0.042
0.005
0.082
0.013
0.776
0.044
0.663
0.577
0.822
0.044
0.189
0.175
0.002
0.069
0.14
0.947
0.283
0.066
0.521
0.009
0.1
0.883
0.169
0.005
0.427
0.344
0.035
0.392
0.045
0.63
0.014
0.12
0.133
0.528
0.627
0.106
0.116
0.03
0.359
0.022
0.309
0.238
0.328
0.848
0.684
0.06
0.06
0.554
0.311
0.426
0.041
0.914
0.958
0.142
0.524
0.019
0.421
0.014
0.152
0.046
0.976
0.055
0.451
0.76
0.005
0.017
0.221
0.19
0.693
0.299
0.161
0.955
0.258
0.925
0.029
0.499
0.004
0.632
0.07
0.687
0.172
0.178
0.81
0.725
0.001
0.032
0.018
0.341
0.581
0.836
0.031
0.99
0.001
0.094
0.854
0.979
0.993
0.189
0.263
0.07
0.12
0.294
0.467
0.232
0.808
0.296
0.187
0.366
0.486
0.001
0.268
0.05
0.096
0.39
0.018
0.715
0.286
0.579
0.853
0.413
0.217
0.76
0.008
0.502
0.762
0.46
0.158
0.01
0.544
0.355
0.076
0.271
0.072
0.129
0.399
0.82
0.145
0.947
0.312
0.019
0.004
0.524
0.416
0.069
0.892
0.154
0.121
0.698
0.265
0.337
0.042
0.145
0.01
0.046
0.104
0.282
0.29
0.887
0.09
0.348
0.545
0.823
0.757
0.182
0.004
0.374
0.003
0.199
0.338
0.039
0.979
0.828
0.239
0.041
0.52
0.187
0.388
0.671
0.925
0.534
0.087
0.482
0.95
0.031
0.066
0.001
0.144
0.003
0.029
0.109
0.004
0.563
0.992
0.126
0.318
0.111
0.215
0.969
0.038
0.209
0.01
0.467
0.18
0.112
0.01
0.031
0.317
0.508
0.154
0.99
0.814
0.601
0.782
0.009
0.278
0.293
0.23
0.982
0.004
0.425
0.167
0.421
0.839
0.578
0.585
0.006
0.869
0.162
0.487
0.684
0.609
0.524
0.541
0.861
0.016
0.013
0.947
0.403
0.026
0.73
0.687
0.382
0.99
0.087
0.119
0.004
0.533
0.067
0.444
0.633
0.006
0.449
0.749
0.006
0.196
0.042
0.013
0.258
0.88
0.416
0.092
0.092
0.034
0.043
0.294
0.497
0.516
0.052
0.21
0.838
0.006
0.264
0.831
0.577
0.848
0.03
0.411
0.006
0.973
0.739
0.501
0.504
0.013
0.044
0.795
0.231
0.834
0.128
0.201
0.017
0.721
0.346
0.767
0.415
0.211
0.751
0.809
0.073
0.75
0.238
0.45
0.045
0.019
0.383
0.156
0.679
0.773
0.018
0.554
0.709
0.147
0.22
0.248
0.424
0.214
0.664
0.464
0.988
0.111
0.068
0.054
0.696
0.162
0.061
0.443
0.284
0.232
0.721
0.815
0.392
0.545
0.488
0.045
0.04
0.002
0.845
0.001
0.002
0.418
0.03
0.051
0.001
0.6
0.462
0.15
0.151
0.116
0.215
0.784
0.15
0.002
0.611
0.553
0.027
0.283
0.199
0.567
0.255
0.769
0.129
0.316
0.002
0.084
0.4
0.693
0.483
0.352
0.424
0.614
0.43
0.23
0.923
0.769
0.018
0.522
0.163
0.433
0.071
0.279
0.819
0.179
0.873
0.881
0.078
0.268
0.148
0.685
0.668
0.43
0.005
0.001
0.758
0.12
0.406
0.912
0.586
0.468
0.388
0.746
0.053
0.639
0.25
0.061
0.418
0.275
0.507
0.18
0.025
0.134
0.011
0.047
0.461
0.307
0.377
0.882
0.541
0.525
0.953
0.131
0.087
0.001
0.496
0.345
0.618
0.002
0.036
0.803
0.028
0.882
0.565
0.051
0.874
0.068
0.725
0.466
0.547
0.26
0.238
0.157
0.839
0.607
0.397
0.099
0.074
0.737
0.055
0.238
0.916
0.046
0.73
0.823
0.138
0.502
0.932
0.622
0.787
0.006
0.117
0.694
0.436
0.249
0.836
0.303
0.469
0.548
0.545
0.729
0.059
0.228
0.585
0.537
0.527
0.466
0.274
0.093
0.606
0.07
0.011
0.813
0.339
0.011
0.455
0.449
0.951
0.001
0.196
0.035
0.538
0.144
0.008
0.022
0.017
0.79
0.388
0.188
0.305
0.006
0.09
0.053
0.643
0.022
0.246
0.541
0.412
0.027
0.217
0.477
0.222
0.505
0.049
0.618
0.149
0.877
0.351
0.427
0.026
0.866
0.109
0.067
0.001
0.038
0.67
0.037
0.474
0.582
0.059
0.232
0.995
0.263
0.133
0.475
0.851
0.003
0.026
0.272
0.773
0.016
0.224
0.006
0.019
0.013
0.413
0.005
0.922
0.006
0.006
0.097
0.059
0.962
0.45
0.71
0.259
0.901
0.803
0.63
0.007
0.023
0.201
0.162
0.025
0.3
0.041
0.002
0.015
0.587
0.012
0.476
0.229
0.338
0.122
0.008
0.13
0.262
0.01
0.761
0.536
0.189
0.026
0.004
0.182
0.955
0.202
0.353
0.075
0.389
0.002
0.888
0.132
0.686
0.019
0.029
0.009
0.675
0.53
0.489
0.093
0.811
0.044
0.191
0.272
0.204
0.195
0.199
0.503
0.021
0.067
0.027
0.487
0.799
0.364
0.004
0.694
0.009
0.745
0.156
0.134
0.523
0.184
0.351
0.145
0.124
0.406
0.549
0.002
0.135
0.987
0.528
0.233
0.14
0.163
0.979
0.11
0.473
0.219
0.012
0.013
0.681
0.08
0.509
0.224
0.494
0.22
0.558
0.087
0.319
0.281
0.742
0.189
0.481
0.73
0.379
0.653
0.069
0.05
0.051
0.369
0.299
0.258
0.735
0.009
0.556
0.01
0.517
0.409
0.978
0.312
0.318
0.912
0.012
0.939
0.997
0.636
0.971
0.04
0.636
0.139
0.387
0.002
0.396
0.467
0.71
0.167
0.042
0.339
0.229
0.017
0.667
0.643
0.714
0.396
0.109
0.005
0.229
0.361
0.172
0.032
0.615
0.46
0.69
0.313
0.928
0.314
0.035
0.116
0.38
0.006
0.214
0.05
0.476
0.699
0.086
0.127
0.489
0.032
0.137
0.196
0.228
0.973
0.147
0.363
0.084
0.077
0.002
0.91
0.651
0.021
0.513
0.167
0.259
0.009
0.553
0.088
0.025
0.18
0.205
0.007
0.357
0.862
0.081
0.1
0.66
0.002
0.634
0.698
0.335
0.03
0.025
0.446
0.007
0.188
0.451
0.539
0.03
0.074
0.363
0.986
0.017
0.002
0.001
0.049
0.437
0.029
0.004
0.33
0.818
0.092
0.661
0.718
0.008
0.023
0.718
0.526
0.305
0.401
0.019
0.156
0.811
0.758
0.068
0.005
0.036
0.211
0.274
0.054
0.334
0.618
0.544
0.009
0.181
0.855
0.75
0.766
0.549
0.007
0.051
0.478
0.884
0.57
0.141
0.319
0.63
0.538
0.257
0.344
0.486
0.499
0.32
0.015
0.511
0.014
0.003
0.584
0.024
0.286
0.133
0.002
0.697
0.002
0.485
0.064
0.41
0.669
0.002
0.116
0.742
0.091
0.007
0.067
0.541
0.164
0.184
0.377
0.041
0.679
0.7
0.087
0.1
0.037
0.452
0.033
0.101
0.344
0.438
0.542
0.001
0.123
0.684
0.727
0.06
0.04
0.196
0.251
0.396
0.252
0.29
0.254
0.352
0.187
0.659
0.013
0.305
0.569
0.907
0.308
0.612
0.052
0.038
0.003
0.457
0.212
0.922
0.866
0.014
0.46
0.449
0.253
0.237
0.528
0.751
0.041
0.647
0.893
0.494
0.476
0.549
0.004
0.057
0.243
0.862
0.068
0.014
0.253
0.056
0.968
0.034
0.468
0.217
0.007
0.134
0.85
0.076
0.231
0.001
0.174
0.32
0.825
0.041
0.697
0.003
0.656
0.451
0.52
0.001
0.308
0.788
0.099
0.741
0.098
0.148
0.073
0.899
0.006
0.985
0.756
0.907
0.146
0.002
0.369
0.038
0.541
0.179
0.302
0.222
0.695
0.633
0.757
0.033
0.343
0.035
0.754
0.667
0.111
0.447
0.021
0.014
0.437
0.395
0.055
0.007
0.002
0.149
0.071
0.059
0.003
0.001
0.214
0.387
0.026
0.31
0.109
0.367
0.022
0.032
0.526
0.391
0.255
0.279
0.654
0.133
0.012
0.255
0.244
0.114
0.023
0.457
0.104
0.519
0.005
0.77
0.321
0.516
0.073
0.065
0.636
0.156
0.025
0.05
0.83
0.567
0.988
0.228
0.873
0.152
0.517
0.012
0.106
0.507
0.241
0.022
0.055
0.783
0.769
0.117
0.141
0.01
0.045
0.071
0.155
0.111
0.013
0.001
0.737
0.254
0.004
0.269
0.66
0.007
0.062
0.042
0.245
0.026
0.291
0.163
0.918
0.026
0.203
0.541
0.685
0.216
0.457
0.061
0.417
0.364
0.375
0.891
0.67
0.175
0.983
0.54
0.571
0.404
0.652
0.017
0.116
0.003
0.561
0.364
0.334
0.084
0.223
0.999
0.475
0.028
0.009
0.077
0.063
0.99
0.099
0.659
0.564
0.168
0.456
0.948
0.27
0.353
0.074
0.704
0.849
0.148
0.015
0.576
0.863
0.094
0.083
0.008
0.085
0.638
0.183
0.171
0.13
0.272
0.19
0.115
0.149
0.482
0.822
0.238
0.07
0.699
0.653
0.28
0.73
0.065
0.238
0.001
0.068
0.315
0.155
0.064
0.109
0.033
0.268
0.103
0.159
0.288
0.019
0.095
0.885
0.044
0.915
0.666
0.646
0.552
0.013
0.174
0.183
0.34
0.842
0.255
0.826
0.422
0.002
0.539
0.112
0.105
0.155
0.393
0.133
0.247
0.459
0.338
0.021
0.144
0.254
0.575
0.241
0.689
0.341
0.612
0.166
0.285
0.42
0.002
0.727
0.27
0.003
0.006
0.026
0.615
0.821
0.734
0.311
0.528
0.005
0.936
0.41
0.235
0.974
0.911
0.631
0.586
0.146
0.736
0.762
0.764
0.09
0.039
0.153
0.283
0.789
0.119
0.766
0.002
0.042
0.164
0.248
0.115
0.032
0.022
0.121
0.001
0.532
0.764
0.14
0.019
0.034
0.171
0.233
0.534
0.279
0.779
0.419
0.009
0.061
0.442
0.832
0.711
0.008
0.56
0.493
0.113
0.004
0.652
0.04
0.464
0.002
0.578
0.637
0.743
0.411
0.716
0.935
0.01
0.146
0.003
0.071
0.072
0.205
0.051
0.023
0.735
0.767
0.898
0.576
0.931
0.058
0.01
0.004
0.122
0.519
0.018
0.025
0.128
0.09
0.526
0.002
0.004
0.829
0.366
0.598
0.71
0.453
0.074
0.549
0.295
0.106
0.803
0.178
0.194
0.005
0.094
0.072
0.002
0.356
0.059
0.096
0.004
0.841
0.388
0.041
0.245
0.434
0.016
0.021
0.149
0.5
0.056
0.84
0.004
0.308
0.473
0.973
0.047
0.62
0.026
0.022
0.461
0.424
0.172
0.049
0.243
0.121
0.191
0.186
0.511
0.018
0.232
0.296
0.003
0.003
0.081
0.088
0.068
0.02
0.728
0.074
0.001
0.254
0.445
0.704
0.202
0.422
0.659
0.603
0.159
0.157
0.005
0.75
0.044
0.235
0.003
0.029
0.639
0.477
0.996
0.823
0.117
0.285
0.086
0.027
0.55
0.759
0.933
0.867
0.903
0.018
0.035
0.147
0.669
0.137
0.325
0.273
0.238
0.337
0.757
0.804
0.027
0.561
0.843
0.002
0.897
0.64
0.816
0.366
0.156
0.106
0.226
0.149
0.006
0.731
0.749
0.068
0.313
0.862
0.367
0.01
0.309
0.012
0.941
0.205
0.236
0.243
0.813
0.91
0.195
0.006
0.089
0.451
0.71
0.026
0.348
0.197
0.157
0.028
0.22
0.743
0.002
0.702
0.346
0.21
0.009
0.001
0.764
0.824
0.007
0.878
0.075
0.005
0.076
0.874
0.166
0.022
0.079
0.155
0.264
0.005
0.538
0.603
0.085
0.427
0.522
0.992
0.806
0.029
0.559
0.683
0.69
0.615
0.887
0.848
0.096
0.69
0.148
0.003
0.131
0.005
0.495
0.307
0.494
0.32
0.159
0.004
0.216
0.084
0.385
0.077
0.469
0.158
0.462
0.162
0.29
0.534
0.915
0.023
0.04
0.566
0.399
0.113
0.483
0.399
0.578
0.006
0.429
0.173
0.334
0.636
0.47
0.929
0.048
0.386
0.78
0.04
0.019
0.126
0.499
0.691
0.311
0.282
0.486
0.695
0.816
0.007
0.59
0.096
0.193
0.544
0.2
0.461
0.493
0.554
0.04
0.929
0.102
0.359
0.242
0.652
0.371
0.414
0.247
0.021
0.258
0.468
0.856
0.003
0.104
0.182
0.451
0.057
0.565
0.201
0.106
0.017
0.012
0.047
0.12
0.819
0.24
0.02
0.009
0.767
0.414
0.182
0.006
0.08
0.113
0.124
0.719
0.086
0.377
0.14
0.001
0.055
0.468
0.368
0.01
0.446
0.088
0.116
0.563
0.722
0.369
0.326
0.566
0.001
0.189
0.302
0.281
0.176
0.386
0.258
0.007
0.245
0.225
0.991
0.939
0.374
0.066
0.014
0.962
0.475
0.49
0.167
0.122
0.02
0.031
0.043
0.842
0.384
0.202
0.757
0.105
0.746
0.249
0.056
0.523
0.061
0.504
0.225
0.222
0.154
0.034
0.495
0.027
0.349
0.036
0.104
0.702
0.64
0.433
0.296
0.231
0.72
0.262
0.644
0.92
0.937
0.48
0.421
0.147
0.973
0.006
0.269
0.026
0.008
0.543
0.767
0.472
0.883
0.141
0.876
0.01
0.611
0.643
0.411
0.047
0.032
0.749
0.131
0.237
0.084
0.032
0.1
0.41
0.005
0.025
0.825
0.753
0.469
0.162
0.27
0.752
0.321
0.628
0.906
0.116
0.478
0.105
0.392
0.006
0.217
0.433
0.948
0.001
0.13
0.819
0.449
0.322
0.061
0.294
0.913
0.453
0.545
0.924
0.163
0.124
0.028
0.973
0.014
0.276
0.086
0.484
0.412
0.543
0.755
0.738
0.898
0.959
0.528
0.042
0.178
0.051
0.806
0.003
0.73
0.26
0.101
0.004
0.2
0.38
0.678
0.481
0.077
0.065
0.906
0.59
0.223
0.356
0.796
0.413
0.575
0.256
0.438
0.154
0.399
0.739
0.003
0.381
0.879
0.017
0.193
0.291
0.159
0.171
0.007
0.86
0.034
0.036
0.214
0.98
0.765
0.198
0.488
0.184
0.019
0.712
0.179
0.854
0.541
0.818
0.909
0.509
0.813
0.398
0.56
0.181
0.299
0.199
0.067
0.013
0.024
0.328
0.075
0.967
0.576
0.059
0.825
0.079
0.041
0.653
0.002
0.319
0.735
0.005
0.116
0.999
0.401
0.263
0.084
0.058
0.474
0.486
0.735
0.245
0.064
0.104
0.027
0.742
0.914
0.193
0.005
0.142
0.042
0.107
0.431
0.066
0.012
0.018
0.278
0.055
0.006
0.565
0.125
0.032
0.285
0.935
0.356
0.982
0.247
0.043
0.691
0.148
0.677
0.032
0.803
0.001
0.557
0.734
0.318
0.25
0.063
0.477
0.654
0.663
0.042
0.2
0.596
0.926
0.015
0.552
0.191
0.818
0.485
0.284
0.749
0.113
0.029
0.074
0.707
0.111
0.522
0.731
0.157
0.959
0.716
0.211
0.073
0.165
0.601
0.149
0.501
0.039
0.015
0.759
0.019
0.12
0.304
0.262
0.502
0.002
0.09
0.3
0.761
0.216
0.22
0.394
0.118
0.019
0.171
0.107
0.204
0.01
0.717
0.264
0.604
0.198
0.899
0.174
0.046
0.004
0.105
0.295
0.463
0.007
0.315
0.174
0.011
0.904
0.704
0.116
0.816
0.852
0.162
0.002
0.066
0.952
0.389
0.04
0.452
0.669
0.884
0.107
0.959
0.018
0.004
0.259
0.161
0.024
0.224
0.01
0.658
0.147
0.103
0.013
0.042
0.159
0.896
0.851
0.869
0.769
0.406
0.968
0.128
0.062
0.711
0.124
0.078
0.717
0.001
0.399
0.143
0.032
0.162
0.335
0.809
0.194
0.201
0.15
0.113
0.275
0.059
0.222
0.579
0.36
0.863
0.349
0.625
0.458
0.44
0.594
0.686
0.006
0.621
0.246
0.653
0.253
0.406
0.053
0.8
0.601
0.157
0.074
0.596
0.152
0.234
0.21
0.732
0.139
0.444
0.047
0.596
0.754
0.2
0.561
0.951
0.522
0.067
0.001
0.537
0.008
0.17
0.055
0.245
0.263
0.008
0.04
0.999
0.98
0.949
0.134
0.57
0.431
0.007
0.017
0.911
0.31
0.461
0.279
0.078
0.281
0.66
0.082
0.566
0.289
0.002
0.723
0.937
0.172
0.36
0.553
0.036
0.278
0.266
0.004
0.51
0.07
0.016
0.62
0.78
0.211
0.321
0.539
0.386
0.041
0.354
0.426
0.78
0.402
0.072
0.7
0.582
0.022
0.002
0.443
0.004
0.116
0.048
0.713
0.197
0.186
0.166
0.202
0.02
0.002
0.566
0.023
0.196
0.4
0.117
0.083
0.312
0.997
0.983
0.706
0.145
0.145
0.985
0.492
0.031
0.001
0.247
0.598
0.78
0.449
0.086
0.106
0.789
0.726
0.465
0.046
0.851
0.136
0.77
0.737
0.065
0.483
0.051
0.204
0.044
0.655
0.052
0.152
0.182
0.473
0.195
0.489
0.01
0.065
0.182
0.13
0.291
0.591
0.035
0.706
0.744
0.018
0.663
0.316
0.384
0.714
0.203
0.603
0.034
0.006
0.637
0.004
0.054
0.776
0.592
0.625
0.472
0.001
0.437
0.013
0.674
0.017
0.3
0.078
0.018
0.314
0.749
0.591
0.214
0.662
0.058
0.537
0.689
0.982
0.228
0.007
0.404
0.938
0.27
0.155
0.51
0.115
0.149
0.197
0.578
0.712
0.784
0.286
0.368
0.611
0.05
0.29
0.269
0.077
0.004
0.151
0.243
0.912
0.111
0.063
0.36
0.491
0.916
0.446
0.762
0.018
0.319
0.653
0.467
0.827
0.973
0.014
0.313
0.494
0.894
0.328
0.928
0.534
0.77
0.109
0.126
0.05
0.038
0.999
0.014
0.103
0.454
0.002
0.217
0.168
0.762
0.576
0.082
0.83
0.512
0.575
0.098
0.647
0.652
0.943
0.086
0.418
0.314
0.249
0.118
0.015
0.779
0.353
0.193
0.047
0.032
0.012
0.009
0.322
0.132
0.084
0.004
0.409
0.168
0.775
0.929
0.017
0.85
0.059
0.805
0.014
0.008
0.157
0.815
0.004
0.163
0.926
0.807
0.142
0.056
0.787
0.003
0.016
0.017
0.069
0.062
0.199
0.557
0.302
0.427
0.942
0.694
0.027
0.188
0.765
0.49
0.952
0.141
0.859
0.014
0.111
0.085
0.023
0.057
0.864
0.166
0.428
0.369
0.501
0.234
0.75
0.036
0.127
0.675
0.715
0.079
0.015
0.136
0.292
0.002
0.075
0.352
0.832
0.703
0.036
0.013
0.046
0.707
0.853
0.009
0.508
0.314
0.883
0.039
0.175
0.523
0.908
0.125
0.518
0.088
0.011
0.477
0.246
0.025
0.106
0.235
0.026
0.563
0.927
0.644
0.082
0.294
0.19
0.174
0.052
0.106
0.153
0.047
0.051
0.41
0.657
0.266
0.354
0.281
0.463
0.103
0.036
0.279
0.252
0.371
0.337
0.429
0.009
0.001
0.581
0.039
0.062
0.009
0.119
0.392
0.391
0.237
0.558
0.235
0.239
0.257
0.455
0.336
0.247
0.012
0.01
0.191
0.043
0.245
0.036
0.72
0.208
0.576
0.423
0.02
0.717
0.543
0.3
0.678
0.226
0.001
0.066
0.029
0.15
0.984
0.445
0.144
0.316
0.949
0.825
0.589
0.025
0.321
0.501
0.969
0.418
0.736
0.211
0.004
0.399
0.028
0.34
0.002
0.11
0.583
0.528
0.52
0.209
0.02
0.793
0.185
0.021
0.031
0.011
0.85
0.041
0.374
0.382
0.11
0.132
0.004
0.766
0.367
0.509
0.679
0.463
0.068
0.001
0.423
0.018
0.002
0.169
0.314
0.335
0.069
0.413
0.008
0.305
0.286
0.187
0.353
0.136
0.29
0.077
0.384
0.863
0.068
0.076
0.497
0.072
0.005
0.148
0.16
0.019
0.051
0.975
0.144
0.072
0.459
0.011
0.009
0.051
0.504
0.105
0.317
0.111
0.001
0.037
0.365
0.659
0.402
0.762
0.251
0.448
0.345
0.056
0.38
0.404
0.882
0.09
0.197
0.4
0.019
0.036
0.342
0.038
0.781
0.41
0.033
0.914
0.009
0.023
0.046
0.524
0.017
0.732
0.088
0.319
0.197
0.137
0.099
0.318
0.077
0.05
0.643
0.009
0.997
0.046
0.118
0.081
0.068
0.007
0.556
0.532
0.803
0.181
0.433
0.083
0.947
0.246
0.58
0.408
0.671
0.031
0.776
0.945
0.01
0.771
0.822
0.567
0.027
0.317
0.965
0.603
0.259
0.102
0.443
0.348
0.972
0.879
0.384
0.134
0.353
0.406
0.755
0.873
0.361
0.938
0.006
0.885
0.414
0.079
0.108
0.188
0.801
0.369
0.466
0.585
0.607
0.834
0.217
0.148
0.7
0.267
0.005
0.341
0.131
0.598
0.482
0.841
0.087
0.453
0.802
0.306
0.003
0.076
0.315
0.011
0.172
0.816
0.094
0.751
0.289
0.008
0.166
0.46
0.292
0.02
0.086
0.708
0.17
0.296
0.01
0.047
0.039
0.399
0.506
0.384
0.671
0.495
0.648
0.828
0.43
0.795
0.595
0.223
0.096
0.779
0.197
0.376
0.101
0.496
0.016
0.591
0.013
0.428
0.374
0.413
0.622
0.194
0.458
0.753
0.007
0.15
0.039
0.882
0.761
0.369
0.077
0.048
0.61
0.064
0.003
0.105
0.322
0.41
0.66
0.421
0.813
0.97
0.444
0.265
0.268
0.749
0.098
0.378
0.064
0.952
0.8
0.314
0.156
0.077
0.138
0.21
0.013
0.728
0.785
0.331
0.068
0.049
0.502
0.568
0.166
0.397
0.225
0.055
0.371
0.511
0.021
0.813
0.117
0.428
0.026
0.464
0.617
0.252
0.077
0.019
0.348
0.705
0.025
0.293
0.06
0.116
0.014
0.338
0.013
0.697
0.004
0.001
0.639
0.201
0.966
0.033
0.159
0.313
0.002
0.198
0.755
0.608
0.154
0.409
0.127
0.879
0.501
0.584
0.029
0.263
0.535
0.366
0.306
0.099
0.045
0.29
0.032
0.695
0.295
0.14
0.005
0.032
0.009
0.001
0.001
0.107
0.7
0.192
0.117
0.694
0.319
0.384
0.223
0.249
0.103
0.618
0.861
0.083
0.594
0.159
0.163
0.425
0.003
0.105
0.356
0.151
0.643
0.894
0.32
0.089
0.038
0.29
0.478
0.122
0.257
0.142
0.279
0.331
0.599
0.041
0.364
0.845
0.367
0.002
0.002
0.01
0.095
0.889
0.025
0.578
0.039
0.015
0.278
0.835
0.143
0.061
0.745
0.478
0.071
0.061
0.68
0.008
0.93
0.036
0.076
0.511
0.208
0.259
0.631
0.063
0.06
0.005
0.07
0.937
0.038
0.701
0.437
0.119
0.339
0.943
0.087
0.023
0.011
0.001
0.79
0.099
0.148
0.019
0.385
0.801
0.005
0.011
0.641
0.128
0.039
0.101
0.258
0.562
0.276
0.159
0.006
0.552
0.433
0.765
0.535
0.01
0.013
0.514
0.817
0.295
0.987
0.186
0.196
0.042
0.144
0.252
0.01
0.232
0.191
0.662
0.146
0.834
0.988
0.048
0.828
0.02
0.003
0.002
0.429
0.064
0.984
0.401
0.614
0.003
0.043
0.014
0.019
0.194
0.008
0.139
0.991
0.368
0.376
0.238
0.284
0.726
0.03
0.025
0.048
0.003
0.069
0.73
0.018
0.458
0.535
0.019
0.848
0.175
0.331
0.184
0.033
0.033
0.816
0.191
0.566
0.127
0.142
0.566
0.39
0.321
0.041
0.451
0.469
0.49
0.873
0.985
0.291
0.791
0.323
0.262
0.449
0.21
0.063
0.058
0.787
0.074
0.757
0.269
0.618
0.296
0.762
0.193
0.329
0.975
0.03
0.001
0.597
0.218
0.219
0.3
0.246
0.519
0.213
0.13
0.315
0.071
0.333
0.926
0.706
0.135
0.041
0.008
0.014
0.004
0.006
0.62
0.925
0.387
0.054
0.388
0.296
0.472
0.021
0.219
0.09
0.117
0.904
0.089
0.089
0.109
0.479
0.628
0.887
0.257
0.019
0.429
0.326
0.901
0.018
0.118
0.266
0.097
0.071
0.302
0.014
0.94
0.416
0.011
0.118
0.138
0.33
0.669
0.878
0.127
0.005
0.952
0.466
0.262
0.632
0.092
0.288
0.518
0.719
0.158
0.196
0.706
0.674
0.037
0.296
0.929
0.19
0.762
0.863
0.375
0.082
0.285
0.015
0.538
0.548
0.778
0.413
0.028
0.783
0.692
0.049
0.019
0.155
0.42
0.298
0.417
0.036
0.292
0.207
0.536
0.12
0.444
0.457
0.186
0.27
0.019
0.061
0.208
0.07
0.107
0.459
0.555
0.035
0.001
0.16
0.508
0.614
0.01
0.48
0.616
0.075
0.447
0.014
0.032
0.034
0.384
0.41
0.189
0.001
0.335
0.195
0.193
0.665
0.105
0.197
0.789
0.034
0.264
0.159
0.748
0.494
0.228
0.293
0.727
0.393
0.138
0.211
0.975
0.899
0.027
0.796
0.361
0.335
0.842
0.021
0.803
0.086
0.158
0.178
0.605
0.697
0.551
0.129
0.503
0.474
0.277
0.636
0.05
0.048
0.829
0.607
0.352
0.376
0.451
0.152
0.332
0.183
0.018
0.851
0.876
0.203
0.089
0.333
0.074
0.912
0.184
0.632
0.984
0.767
0.489
0.784
0.991
0.395
0.955
0.465
0.112
0.927
0.84
0.796
0.362
0.126
0.251
0.652
0.363
0.195
0.999
0.34
0.127
0.967
0.308
0.858
0.003
0.894
0.587
0.19
0.193
0.055
0.012
0.397
0.43
0.587
0.421
0.015
0.106
0.73
0.232
0.26
0.025
0.098
0.766
0.756
0.337
0.002
0.643
0.838
0.409
0.01
0.003
0.184
0.071
0.24
0.301
0.001
0.08
0.118
0.381
0.636
0.196
0.047
0.833
0.012
0.476
0.864
0.073
0.493
0.9
0.716
0.194
0.414
0.612
0.185
0.073
0.347
0.004
0.967
0.5
0.076
0.004
0.133
0.44
0.002
0.127
0.214
0.956
0.036
0.424
0.307
0.114
0.348
0.01
0.034
0.175
0.222
0.173
0.398
0.101
0.044
0.603
0.892
0.006
0.25
0.503
0.045
0.002
0.463
0.39
0.141
0.077
0.887
0.201
0.001
0.321
0.298
0.019
0.018
0.238
0.102
0.071
0.382
0.057
0.66
0.687
0.329
0.011
0.338
0.508
0.038
0.566
0.008
0.048
0.291
0.613
0.008
0.775
0.703
0.718
0.396
0.589
0.119
0.259
0.479
0.303
0.301
0.424
0.875
0.009
0.152
0.448
0.094
0.845
0.008
0.012
0.488
0.489
0.078
0.36
0.71
0.152
0.039
0.406
0.082
0.014
0.274
0.226
0.009
0.464
0.053
0.194
0.661
0.026
0.076
0.68
0.251
0.073
0.473
0.37
0.013
0.301
0.004
0.23
0.647
0.877
0.435
0.312
0.014
0.017
0.363
0.043
0.289
0.448
0.317
0.006
0.004
0.643
0.075
0.013
0.969
0.205
0.028
0.967
0.288
0.379
0.01
0.015
0.011
0.063
0.393
0.532
0.168
0.177
0.514
0.696
0.087
0.07
0.022
0.582
0.521
0.02
0.282
0.252
0.004
0.01
0.004
0.148
0.003
0.004
0.002
0.089
0.251
0.563
0.197
0.005
0.323
0.804
0.343
0.809
0.017
0.513
0.961
0.009
0.095
0.642
0.468
0.34
0.876
0.97
0.14
0.144
0.716
0.262
0.987
0.947
0.563
0.001
0.978
0.487
0.01
0.107
0.057
0.103
0.059
0.022
0.714
0.947
0.545
0.03
0.516
0.6
0.355
0.91
0.004
0.141
0.073
0.016
0.017
0.129
0.005
0.271
0.217
0.056
0.061
0.058
0.118
0.178
0.23
0.802
0.068
0.006
0.242
0.388
0.301
0.983
0.483
0.773
0.603
0.244
0.235
0.111
0.355
0.014
0.267
0.636
0.004
0.013
0.172
0.02
0.581
0.276
0.57
0.474
0.503
0.038
0.251
0.88
0.009
0.394
0.003
0.025
0.74
0.741
0.749
0.968
0.17
0.089
0.066
0.096
0.545
0.679
0.057
0.536
0.774
0.228
0.567
0.091
0.756
0.133
0.488
0.001
0.57
0.27
0.901
0.352
0.225
0.004
0.379
0.062
0.151
0.517
0.005
0.904
0.431
0.274
0.035
0.005
0.001
0.024
0.41
0.045
0.446
0.136
0.655
0.411
0.075
0.015
0.718
0.057
0.002
0.016
0.8
0.269
0.052
0.064
0.015
0.478
0.278
0.016
0.451
0.846
0.01
0.748
0.686
0.038
0.825
0.132
0.856
0.922
0.003
0.921
0.5
0.038
0.254
0.212
0.345
0.31
0.321
0.213
0.039
0.823
0.005
0.394
0.336
0.139
0.146
0.289
0.357
0.003
0.09
0.102
0.538
0.007
0.247
0.988
0.802
0.555
0.008
0.011
0.708
0.86
0.964
0.054
0.589
0.253
0.224
0.304
0.893
0.071
0.085
0.099
0.023
0.399
0.789
0.456
0.837
0.007
0.286
0.295
0.857
0.695
0.094
0.642
0.011
0.205
0.629
0.026
0.986
0.817
0.547
0.241
0.569
0.111
0.115
0.018
0.358
0.001
0.15
0.73
0.01
0.6
0.127
0.754
0.077
0.782
0.075
0.078
0.012
0.315
0.218
0.067
0.341
0.577
0.573
0.235
0.959
0.005
0.378
0.901
0.033
0.01
0.361
0.725
0.633
0.236
0.141
0.044
0.908
0.361
0.956
0.472
0.023
0.664
0.249
0.763
0.734
0.114
0.023
0.125
0.154
0.18
0.064
0.015
0.006
0.067
0.682
0.357
0.636
0.228
0.224
0.002
0.105
0.143
0.386
0.707
0.086
0.269
0.965
0.717
0.305
0.328
0.795
0.085
0.025
0.294
0.565
0.582
0.096
0.108
0.364
0.032
0.6
0.078
0.456
0.24
0.084
0.455
0.844
0.743
0.349
0.845
0.618
0.302
0.139
0.181
0.01
0.275
0.098
0.721
0.58
0.61
0.284
0.896
0.586
0.472
0.055
0.266
0.041
0.07
0.537
0.172
0.001
0.992
0.29
0.125
0.305
0.497
0.419
0.006
0.695
0.001
0.031
0.143
0.459
0.738
0.095
0.241
0.965
0.236
0.474
0.294
0.849
0.155
0.027
0.025
0.004
0.739
0.248
0.483
0.336
0.348
0.483
0.706
0.163
0.143
0.01
0.321
0.896
0.737
0.592
0.001
0.008
0.01
0.892
0.04
0.827
0.982
0.191
0.369
0.106
0.385
0.625
0.387
0.239
0.718
0.419
0.008
0.263
0.653
0.139
0.882
0.111
0.689
0.557
0.138
0.217
0.441
0.421
0.846
0.204
0.419
0.443
0.282
0.02
0.146
0.246
0.09
0.535
0.162
0.117
0.709
0.799
0.03
0.311
0.029
0.001
0.214
0.801
0.768
0.829
0.18
0.006
0.071
0.501
0.886
0.364
0.212
0.049
0.542
0.549
0.68
0.895
0.069
0.037
0.259
0.033
0.048
0.339
0.031
0.055
0.001
0.304
0.735
0.238
0.269
0.093
0.785
0.418
0.395
0.374
0.616
0.444
0.594
0.364
0.228
0.381
0.293
0.728
0.233
0.516
0.419
0.304
0.425
0.7
0.769
0.698
0.104
0.114
0.328
0.864
0.768
0.037
0.463
0.234
0.293
0.033
0.104
0.149
0.406
0.586
0.233
0.336
0.504
0.086
0.486
0.038
0.903
0.002
0.334
0.139
0.984
0.14
0.894
0.089
0.203
0.01
0.009
0.587
0.001
0.685
0.654
0.685
0.206
0.463
0.071
0.398
0.035
0.006
0.032
0.572
0.002
0.013
0.039
0.186
0.478
0.12
0.408
0.174
0.023
0.361
0.396
0.179
0.527
0.746
0.221
0.16
0.202
0.742
0.408
0.932
0.006
0.065
0.04
0.986
0.131
0.024
0.34
0.04
0.949
0.028
0.843
0.097
0.6
0.731
0.316
0.307
0.038
0.911
0.735
0.923
0.084
0.317
0.346
0.17
0.643
0.59
0.006
0.722
0.678
0.269
0.337
0.491
0.411
0.08
0.145
0.169
0.147
0.287
0.339
0.518
0.216
0.935
0.793
0.001
0.086
0.711
0.71
0.002
0.214
0.013
0.009
0.515
0.173
0.975
0.264
0.02
0.401
0.002
0.67
0.497
0.556
0.052
0.784
0.652
0.926
0.538
0.031
0.583
0.252
0.543
0.009
0.022
0.105
0.229
0.116
0.372
0.186
0.002
0.243
0.072
0.012
0.258
0.852
0.95
0.139
0.337
0.995
0.208
0.134
0.17
0.022
0.286
0.053
0.11
0.616
0.832
0.091
0.692
0.83
0.992
0.905
0.484
0.886
0.219
0.971
0.201
0.56
0.554
0.035
0.152
0.462
0.351
0.006
0.918
0.227
0.514
0.525
0.006
0.746
0.052
0.424
0.188
0.778
0.068
0.599
0.169
0.2
0.041
0.016
0.361
0.86
0.12
0.318
0.111
0.012
0.667
0.434
0.457
0.159
0.925
0.015
0.23
0.451
0.016
0.001
0.023
0.798
0.199
0.092
0.073
0.082
0.053
0.645
0.667
0.146
0.072
0.418
0.472
0.008
0.679
0.213
0.041
0.419
0.074
0.026
0.199
0.577
0.621
0.156
0.061
0.888
0.187
0.09
0.397
0.017
0.37
0.443
0.086
0.003
0.478
0.494
0.112
0.59
0.028
0.01
0.004
0.196
0.304
0.005
0.657
0.012
0.566
0.925
0.439
0.118
0.347
0.002
0.856
0.066
0.037
0.242
0.525
0.796
0.012
0.864
0.814
0.108
0.121
0.005
0.003
0.031
0.006
0.866
0.484
0.351
0.563
0.38
0.322
0.264
0.012
0.04
0.894
0.303
0.002
0.033
0.698
0.005
0.84
0.498
0.958
0.079
0.058
0.007
0.325
0.221
0.619
0.011
0.025
0.117
0.974
0.004
0.521
0.758
0.193
0.053
0.506
0.132
0.112
0.023
0.133
0.51
0.409
0.834
0.811
0.976
0.786
0.017
0.008
0.063
0.999
0.127
0.222
0.885
0.172
0.094
0.526
0.387
0.8
0.019
0.108
0.901
0.185
0.082
0.932
0.068
0.803
0.549
0.361
0.002
0.311
0.073
0.028
0.027
0.476
0.082
0.185
0.484
0.54
0.232
0.751
0.181
0.658
0.169
0.073
0.403
0.078
0.028
0.231
0.339
0.014
0.492
0.145
0.973
0.081
0.682
0.796
0.407
0.758
0.011
0.811
0.151
0.072
0.245
0.213
0.103
0.133
0.595
0.072
0.741
0.767
0.331
0.542
0.054
0.139
0.175
0.21
0.038
0.27
0.169
0.639
0.002
0.032
0.35
0.418
0.689
0.315
0.832
0.098
0.659
0.153
0.001
0.917
0.095
0.503
0.363
0.818
0.244
0.185
0.013
0.696
0.048
0.962
0.602
0.873
0.299
0.98
0.73
0.286
0.05
0.121
0.087
0.348
0.553
0.021
0.459
0.586
0.688
0.057
0.07
0.223
0.079
0.102
0.016
0.194
0.019
0.071
0.072
0.047
0.591
0.748
0.001
0.285
0.428
0.909
0.225
0.347
0.652
0.211
0.55
0.185
0.014
0.217
0.005
0.757
0.956
0.013
0.007
0.197
0.035
0.052
0.01
0.802
0.04
0.29
0.916
0.544
0.003
0.541
0.347
0.119
0.988
0.806
0.08
0.451
0.049
0.149
0.203
0.739
0.021
0.176
0.151
0.229
0.243
0.001
0.2
0.003
0.572
0.246
0.083
0.134
0.043
0.11
0.45
0.099
0.193
0.038
0.021
0.513
0.459
0.884
0.164
0.468
0.192
0.277
0.346
0.22
0.019
0.172
0.283
0.002
0.277
0.144
0.059
0.477
0.543
0.731
0.165
0.733
0.516
0.773
0.909
0.001
0.021
0.066
0.147
0.149
0.007
0.913
0.291
0.338
0.757
0.756
0.134
0.159
0.183
0.259
0.049
0.689
0.329
0.255
0.002
0.963
0.014
0.001
0.751
0.769
0.113
0.71
0.071
0.654
0.08
0.605
0.032
0.268
0.633
0.034
0.347
0.205
0.662
0.45
0.155
0.233
0.02
0.532
0.818
0.187
0.861
0.872
0.204
0.506
0.024
0.034
0.044
0.001
0.692
0.303
0.091
0.963
0.224
0.007
0.303
0.008
0.705
0.895
0.587
0.039
0.814
0.03
0.001
0.027
0.184
0.117
0.164
0.584
0.027
0.016
0.959
0.051
0.027
0.616
0.025
0.582
0.812
0.011
0.762
0.498
0.108
0.046
0.034
0.018
0.02
0.796
0.91
0.056
0.852
0.981
0.013
0.634
0.27
0.017
0.334
0.037
0.274
0.005
0.054
0.988
0.023
0.147
0.696
0.224
0.009
0.208
0.195
0.001
0.25
0.009
0.578
0.856
0.25
0.777
0.84
0.269
0.066
0.118
0.918
0.364
0.006
0.044
0.596
0.909
0.014
0.237
0.19
0.688
0.662
0.609
0.088
0.172
0.119
0.405
0.458
0.974
0.562
0.024
0.538
0.44
0.073
0.097
0.864
0.504
0.508
0.916
0.462
0.025
0.926
0.064
0.213
0.011
0.007
0.022
0.338
0.031
0.265
0.391
0.528
0.444
0.293
0.678
0.167
0.487
0.47
0.783
0.807
0.859
0.045
0.701
0.421
0.101
0.477
0.288
0.005
0.67
0.347
0.077
0.152
0.933
0.611
0.067
0.037
0.788
0.479
0.115
0.035
0.084
0.038
0.001
0.215
0.864
0.308
0.314
0.476
0.009
0.113
0.056
0.603
0.527
0.875
0.393
0.029
0.487
0.619
0.412
0.258
0.531
0.502
0.241
0.089
0.08
0.396
0.576
0.324
0.684
0.851
0.674
0.005
0.573
0.461
0.155
0.94
0.059
0.574
0.007
0.701
0.918
0.763
0.355
0.092
0.399
0.255
0.078
0.681
0.294
0.107
0.036
0.002
0.351
0.056
0.214
0.566
0.302
0.402
0.112
0.093
0.793
0.319
0.423
0.753
0.07
0.261
0.251
0.839
0.44
0.455
0.485
0.547
0.256
0.05
0.354
0.251
0.304
0.777
0.235
0.755
0.047
0.143
0.123
0.679
0.204
0.002
0.059
0.462
0.154
0.647
0.579
0.013
0.248
0.456
0.146
0.26
0.237
0.283
0.078
0.155
0.361
0.021
0.071
0.456
0.211
0.342
0.008
0.608
0.507
0.238
0.015
0.242
0.031
0.121
0.139
0.086
0.575
0.319
0.001
0.455
0.265
0.003
0.458
0.765
0.296
0.414
0.041
0.052
0.311
0.001
0.158
0.576
0.106
0.002
0.457
0.657
0.061
0.609
0.135
0.149
0.251
0.39
0.193
0.131
0.137
0.64
0.647
0.198
0.581
0.067
0.603
0.118
0.048
0.006
0.941
0.081
0.004
0.075
0.076
0.897
0.105
0.08
0.382
0.105
0.16
0.229
0.836
0.168
0.369
0.107
0.696
0.899
0.655
0.047
0.118
0.086
0.199
0.552
0.135
0.07
0.032
0.027
0.935
0.09
0.614
0.228
0.002
0.341
0.045
0.295
0.008
0.348
0.459
0.103
0.003
0.155
0.33
0.329
0.196
0.007
0.641
0.919
0.128
0.293
0.654
0.099
0.814
0.084
0.185
0.325
0.123
0.741
0.397
0.571
0.6
0.338
0.439
0.125
0.085
0.4
0.334
0.167
0.701
0.34
0.337
0.639
0.013
0.131
0.075
0.198
0.837
0.616
0.473
0.12
0.296
0.24
0.007
0.01
0.193
0.002
0.225
0.446
0.089
0.165
0.184
0.981
0.002
0.377
0.001
0.118
0.137
0.384
0.771
0.496
0.773
0.02
0.015
0.925
0.601
0.213
0.156
0.193
0.329
0.216
0.056
0.02
0.046
0.848
0.122
0.509
0.066
0.012
0.024
0.173
0.137
0.001
0.018
0.524
0.065
0.075
0.589
0.019
0.091
0.301
0.233
0.367
0.493
0.81
0.197
0.258
0.009
0.2
0.707
0.475
0.76
0.766
0.366
0.522
0.184
0.704
0.004
0.02
0.001
0.13
0.096
0.146
0.884
0.394
0.514
0.806
0.143
0.47
0.157
0.416
0.249
0.988
0.044
0.152
0.458
0.434
0.258
0.053
0.282
0.217
0.184
0.257
0.944
0.91
0.731
0.403
0.242
0.846
0.071
0.379
0.914
0.368
0.022
0.062
0.627
0.839
0.13
0.009
0.09
0.103
0.073
0.062
0.464
0.941
0.002
0.055
0.043
0.307
0.506
0.022
0.174
0.014
0.03
0.039
0.721
0.007
0.425
0.972
0.588
0.303
0.285
0.035
0.001
0.955
0.437
0.425
0.004
0.716
0.655
0.221
0.855
0.729
0.733
0.286
0.182
0.033
0.012
0.013
0.695
0.17
0.47
0.303
0.544
0.03
0.246
0.216
